$ RRTM_SW runscript created on 2021-05-23 13:12:43.673289                       
                   0                             1                                1      0   12   00
            150   69.4205    0 1370.0000   0.00000
           1  00.354
               0.354
    0        74         1    7    1    1  6356.910                       400.000    80.409
     0.000    49.420
     0.000     0.170     0.310     0.560     0.810     1.050     1.300     1.550
     1.800     2.050     2.300     2.550     2.800     3.050     3.300     3.550
     3.800     4.050     4.300     4.550     4.800     5.050     5.290     5.540
     5.790     6.040     6.290     6.540     6.790     7.040     7.290     7.540
     7.790     8.040     8.290     8.540     8.790     9.040     9.290     9.540
     9.780    10.030    10.280    10.530    10.780    11.030    11.280    11.530
    11.780    12.030    12.280    12.530    12.780    12.790    12.820    12.860
    12.890    12.920    12.950    12.980    13.010    13.580    14.770    16.230
    18.580    20.810    24.220    26.940    31.650    34.160    36.610    40.490
    43.700    49.420
   74                        
 0.000E+00 1.026E+03 2.712E+02     AA   HA44444
 1.000E+02 4.100E+02 0.000E+00 3.601E-01 0.000E+00 1.956E+00 0.000E+00
 1.700E-01 1.005E+03 2.710E+02     AA   HA44444
 7.862E+01 4.100E+02 0.000E+00 3.601E-01 0.000E+00 1.956E+00 0.000E+00
 3.100E-01 9.872E+02 2.727E+02     AA   HA44444
 5.735E+01 4.100E+02 0.000E+00 3.601E-01 0.000E+00 1.956E+00 0.000E+00
 5.600E-01 9.570E+02 2.766E+02     AA   HA44444
 2.876E+01 4.100E+02 0.000E+00 3.601E-01 0.000E+00 1.956E+00 0.000E+00
 8.100E-01 9.280E+02 2.772E+02     AA   HA44444
 2.015E+01 4.100E+02 0.000E+00 3.601E-01 0.000E+00 1.956E+00 0.000E+00
 1.050E+00 8.999E+02 2.766E+02     AA   HA44444
 1.526E+01 4.100E+02 0.000E+00 3.601E-01 0.000E+00 1.956E+00 0.000E+00
 1.300E+00 8.726E+02 2.756E+02     AA   HA44444
 1.521E+01 4.100E+02 0.000E+00 3.601E-01 0.000E+00 1.956E+00 0.000E+00
 1.550E+00 8.460E+02 2.746E+02     AA   HA44444
 1.588E+01 4.100E+02 0.000E+00 3.601E-01 0.000E+00 1.956E+00 0.000E+00
 1.800E+00 8.201E+02 2.738E+02     AA   HA44444
 1.513E+01 4.100E+02 0.000E+00 3.601E-01 0.000E+00 1.956E+00 0.000E+00
 2.050E+00 7.950E+02 2.729E+02     AA   HA44444
 1.207E+01 4.100E+02 0.000E+00 3.601E-01 0.000E+00 1.956E+00 0.000E+00
 2.300E+00 7.705E+02 2.719E+02     AA   HA44444
 1.207E+01 4.100E+02 0.000E+00 3.601E-01 0.000E+00 1.956E+00 0.000E+00
 2.550E+00 7.467E+02 2.705E+02     AA   HA44444
 1.476E+01 4.100E+02 0.000E+00 3.601E-01 0.000E+00 1.956E+00 0.000E+00
 2.800E+00 7.238E+02 2.691E+02     AA   HA44444
 1.463E+01 4.100E+02 0.000E+00 3.601E-01 0.000E+00 1.956E+00 0.000E+00
 3.050E+00 7.008E+02 2.678E+02     AA   HA44444
 1.450E+01 4.100E+02 0.000E+00 3.601E-01 0.000E+00 1.956E+00 0.000E+00
 3.300E+00 6.792E+02 2.665E+02     AA   HA44444
 1.995E+01 4.100E+02 0.000E+00 3.601E-01 0.000E+00 1.956E+00 0.000E+00
 3.550E+00 6.576E+02 2.652E+02     AA   HA44444
 2.561E+01 4.100E+02 0.000E+00 3.601E-01 0.000E+00 1.956E+00 0.000E+00
 3.800E+00 6.369E+02 2.638E+02     AA   HA44444
 3.780E+01 4.100E+02 0.000E+00 3.601E-01 0.000E+00 1.956E+00 0.000E+00
 4.050E+00 6.167E+02 2.622E+02     AA   HA44444
 5.356E+01 4.100E+02 0.000E+00 3.601E-01 0.000E+00 1.956E+00 0.000E+00
 4.300E+00 5.967E+02 2.606E+02     AA   HA44444
 6.424E+01 4.100E+02 0.000E+00 3.601E-01 0.000E+00 1.956E+00 0.000E+00
 4.550E+00 5.778E+02 2.590E+02     AA   HA44444
 5.101E+01 4.100E+02 0.000E+00 3.601E-01 0.000E+00 1.956E+00 0.000E+00
 4.800E+00 5.588E+02 2.574E+02     AA   HA44444
 3.778E+01 4.100E+02 0.000E+00 3.601E-01 0.000E+00 1.956E+00 0.000E+00
 5.050E+00 5.406E+02 2.556E+02     AA   HA44444
 3.007E+01 4.100E+02 0.000E+00 3.601E-01 0.000E+00 1.956E+00 0.000E+00
 5.290E+00 5.230E+02 2.537E+02     AA   HA44444
 2.722E+01 4.100E+02 0.000E+00 3.601E-01 0.000E+00 1.956E+00 0.000E+00
 5.540E+00 5.054E+02 2.518E+02     AA   HA44444
 2.438E+01 4.100E+02 0.000E+00 3.601E-01 0.000E+00 1.956E+00 0.000E+00
 5.790E+00 4.887E+02 2.499E+02     AA   HA44444
 2.180E+01 4.100E+02 0.000E+00 3.601E-01 0.000E+00 1.956E+00 0.000E+00
 6.040E+00 4.725E+02 2.480E+02     AA   HA44444
 1.934E+01 4.100E+02 0.000E+00 3.601E-01 0.000E+00 1.956E+00 0.000E+00
 6.290E+00 4.562E+02 2.461E+02     AA   HA44444
 1.688E+01 4.100E+02 0.000E+00 3.601E-01 0.000E+00 1.956E+00 0.000E+00
 6.540E+00 4.407E+02 2.440E+02     AA   HA44444
 1.666E+01 4.100E+02 0.000E+00 3.601E-01 0.000E+00 1.956E+00 0.000E+00
 6.790E+00 4.258E+02 2.420E+02     AA   HA44444
 1.782E+01 4.100E+02 0.000E+00 3.601E-01 0.000E+00 1.956E+00 0.000E+00
 7.040E+00 4.108E+02 2.399E+02     AA   HA44444
 1.898E+01 4.100E+02 0.000E+00 3.601E-01 0.000E+00 1.956E+00 0.000E+00
 7.290E+00 3.962E+02 2.378E+02     AA   HA44444
 2.228E+01 4.100E+02 0.000E+00 3.601E-01 0.000E+00 1.956E+00 0.000E+00
 7.540E+00 3.826E+02 2.356E+02     AA   HA44444
 3.124E+01 4.100E+02 0.000E+00 3.601E-01 0.000E+00 1.956E+00 0.000E+00
 7.790E+00 3.690E+02 2.334E+02     AA   HA44444
 4.021E+01 4.100E+02 0.000E+00 3.601E-01 0.000E+00 1.956E+00 0.000E+00
 8.040E+00 3.554E+02 2.312E+02     AA   HA44444
 4.917E+01 4.100E+02 0.000E+00 3.601E-01 0.000E+00 1.956E+00 0.000E+00
 8.290E+00 3.426E+02 2.291E+02     AA   HA44444
 5.847E+01 4.100E+02 0.000E+00 3.601E-01 0.000E+00 1.956E+00 0.000E+00
 8.540E+00 3.304E+02 2.269E+02     AA   HA44444
 6.801E+01 4.100E+02 0.000E+00 3.601E-01 0.000E+00 1.956E+00 0.000E+00
 8.790E+00 3.182E+02 2.248E+02     AA   HA44444
 7.754E+01 4.100E+02 0.000E+00 3.601E-01 0.000E+00 1.956E+00 0.000E+00
 9.040E+00 3.059E+02 2.227E+02     AA   HA44444
 8.707E+01 4.100E+02 0.000E+00 3.601E-01 0.000E+00 1.956E+00 0.000E+00
 9.290E+00 2.945E+02 2.206E+02     AA   HA44444
 9.251E+01 4.100E+02 0.000E+00 3.601E-01 0.000E+00 1.956E+00 0.000E+00
 9.540E+00 2.837E+02 2.187E+02     AA   HA44444
 9.408E+01 4.100E+02 0.000E+00 3.601E-01 0.000E+00 1.956E+00 0.000E+00
 9.780E+00 2.729E+02 2.167E+02     AA   HA44444
 9.566E+01 4.100E+02 0.000E+00 3.601E-01 0.000E+00 1.956E+00 0.000E+00
 1.003E+01 2.622E+02 2.148E+02     AA   HA44444
 9.724E+01 4.100E+02 0.000E+00 3.601E-01 0.000E+00 1.956E+00 0.000E+00
 1.028E+01 2.514E+02 2.128E+02     AA   HA44444
 9.881E+01 4.100E+02 0.000E+00 3.601E-01 0.000E+00 1.956E+00 0.000E+00
 1.053E+01 2.417E+02 2.125E+02     AA   HA44444
 9.196E+01 4.100E+02 0.000E+00 3.601E-01 0.000E+00 1.956E+00 0.000E+00
 1.078E+01 2.321E+02 2.124E+02     AA   HA44444
 8.387E+01 4.100E+02 0.000E+00 3.601E-01 0.000E+00 1.956E+00 0.000E+00
 1.103E+01 2.229E+02 2.130E+02     AA   HA44444
 7.170E+01 4.100E+02 0.000E+00 3.601E-01 0.000E+00 1.956E+00 0.000E+00
 1.128E+01 2.145E+02 2.153E+02     AA   HA44444
 4.769E+01 4.100E+02 0.000E+00 3.601E-01 0.000E+00 1.956E+00 0.000E+00
 1.153E+01 2.061E+02 2.176E+02     AA   HA44444
 2.368E+01 4.100E+02 0.000E+00 3.601E-01 0.000E+00 1.956E+00 0.000E+00
 1.178E+01 1.981E+02 2.195E+02     AA   HA44444
 5.824E+00 4.100E+02 0.000E+00 3.601E-01 0.000E+00 1.956E+00 0.000E+00
 1.203E+01 1.908E+02 2.202E+02     AA   HA44444
 4.787E+00 4.100E+02 0.000E+00 3.601E-01 0.000E+00 1.956E+00 0.000E+00
 1.228E+01 1.836E+02 2.208E+02     AA   HA44444
 3.750E+00 4.100E+02 0.000E+00 3.601E-01 0.000E+00 1.956E+00 0.000E+00
 1.253E+01 1.764E+02 2.214E+02     AA   HA44444
 2.713E+00 4.100E+02 0.000E+00 3.601E-01 0.000E+00 1.956E+00 0.000E+00
 1.278E+01 1.699E+02 2.217E+02     AA   HA44444
 2.378E+00 4.100E+02 0.000E+00 3.601E-01 0.000E+00 1.956E+00 0.000E+00
 1.279E+01 1.696E+02 2.217E+02     AA   HA44444
 2.367E+00 4.100E+02 0.000E+00 3.601E-01 0.000E+00 1.956E+00 0.000E+00
 1.282E+01 1.688E+02 2.218E+02     AA   HA44444
 2.345E+00 4.100E+02 0.000E+00 3.601E-01 0.000E+00 1.956E+00 0.000E+00
 1.286E+01 1.680E+02 2.218E+02     AA   HA44444
 2.324E+00 4.100E+02 0.000E+00 3.601E-01 0.000E+00 1.956E+00 0.000E+00
 1.289E+01 1.672E+02 2.218E+02     AA   HA44444
 2.302E+00 4.100E+02 0.000E+00 3.601E-01 0.000E+00 1.956E+00 0.000E+00
 1.292E+01 1.664E+02 2.218E+02     AA   HA44444
 2.281E+00 4.100E+02 0.000E+00 3.601E-01 0.000E+00 1.956E+00 0.000E+00
 1.295E+01 1.657E+02 2.219E+02     AA   HA44444
 2.259E+00 4.100E+02 0.000E+00 3.601E-01 0.000E+00 1.956E+00 0.000E+00
 1.298E+01 1.649E+02 2.219E+02     AA   HA44444
 2.238E+00 4.100E+02 0.000E+00 3.601E-01 0.000E+00 1.956E+00 0.000E+00
 1.301E+01 1.641E+02 2.219E+02     AA   HA44444
 2.216E+00 4.100E+02 0.000E+00 3.601E-01 0.000E+00 1.956E+00 0.000E+00
 1.358E+01 1.500E+02 2.224E+02     AA   HA44444
 1.825E+00 4.100E+02 0.000E+00 3.601E-01 0.000E+00 1.956E+00 0.000E+00
 1.477E+01 1.250E+02 2.229E+02     AA   HA44444
 1.377E+00 4.100E+02 0.000E+00 3.601E-01 0.000E+00 1.956E+00 0.000E+00
 1.623E+01 1.000E+02 2.246E+02     AA   HA44444
 9.050E-01 4.100E+02 0.000E+00 3.601E-01 0.000E+00 1.956E+00 0.000E+00
 1.858E+01 7.000E+01 2.261E+02     AA   HA44444
 5.505E-01 4.100E+02 0.000E+00 3.601E-01 0.000E+00 1.956E+00 0.000E+00
 2.081E+01 5.000E+01 2.275E+02     AA   HA44444
 3.557E-01 4.100E+02 0.000E+00 3.601E-01 0.000E+00 1.956E+00 0.000E+00
 2.422E+01 3.000E+01 2.289E+02     AA   HA44444
 1.890E-01 4.100E+02 0.000E+00 3.601E-01 0.000E+00 1.956E+00 0.000E+00
 2.694E+01 2.000E+01 2.285E+02     AA   HA44444
 1.374E-01 4.100E+02 0.000E+00 3.601E-01 0.000E+00 1.956E+00 0.000E+00
 3.165E+01 1.000E+01 2.367E+02     AA   HA44444
 2.943E-02 4.100E+02 0.000E+00 3.601E-01 0.000E+00 1.956E+00 0.000E+00
 3.416E+01 7.000E+00 2.453E+02     AA   HA44444
 8.301E-03 4.100E+02 0.000E+00 3.601E-01 0.000E+00 1.956E+00 0.000E+00
 3.661E+01 5.000E+00 2.528E+02     AA   HA44444
 3.606E-03 4.100E+02 0.000E+00 3.601E-01 0.000E+00 1.956E+00 0.000E+00
 4.049E+01 3.000E+00 2.651E+02     AA   HA44444
 1.259E-03 4.100E+02 0.000E+00 3.601E-01 0.000E+00 1.956E+00 0.000E+00
 4.370E+01 2.000E+00 2.765E+02     AA   HA44444
 1.259E-03 4.100E+02 0.000E+00 3.601E-01 0.000E+00 1.956E+00 0.000E+00
 4.942E+01 1.000E+00 2.802E+02     AA   HA44444
 0.000E+00 4.100E+02 0.000E+00 3.601E-01 0.000E+00 1.956E+00 0.000E+00
