 Wavenumbers:   10.0 - 3250.0 cm-1, ATM      1
 LEVEL    PRESSURE   UPWARD FLUX   DOWNWARD FLUX    NET FLUX       HEATING RATE
             mb          W/m2          W/m2           W/m2          degree/day
  73        1.000      237.9562        0.0000       237.9562456            0.00000
  72        2.000      237.5395        2.0100       235.5294843          -20.47979
  71        3.000      237.0604        2.8801       234.1803042          -11.38593
  70        5.000      236.4453        3.7521       232.6932292           -6.27482
  69        7.000      236.0336        4.4088       231.6247484           -4.50853
  68       10.00       235.6466        5.2343       230.4122170           -3.41091
  67       20.00       235.2829        7.7110       227.5719157           -2.39697
  66       30.00       235.4211       10.0692       225.3519445           -1.87347
  65       50.00       235.5368       13.9572       221.5795697           -1.59178
  64       70.00       235.6258       16.7542       218.8715664           -1.14266
  63      100.0        235.7268       19.8993       215.8274682           -0.85632
  62      125.0        235.8342       21.9428       213.8913752           -0.65356
  61      150.0        236.1044       23.8952       212.2091361           -0.56787
  60      164.1        236.1959       24.9363       211.2596104           -0.56831
  59      164.9        236.1999       24.9929       211.2069567           -0.55544
  58      165.7        236.2037       25.0497       211.1539532           -0.55913
  57      166.4        236.2073       25.1067       211.1006008           -0.64321
  56      167.2        236.2108       25.1639       211.0468872           -0.56662
  55      168.0        236.2140       25.2212       210.9927898           -0.57067
  54      168.8        236.2178       25.2982       210.9196671           -0.77137
  53      169.6        236.2199       25.3560       210.8639420           -0.58784
  52      169.9        236.2205       25.3752       210.8452678           -0.52531
  51      176.4        236.2201       25.8628       210.3573135           -0.63353
  50      183.6        236.1848       26.3636       209.8212651           -0.62830
  49      190.8        236.1383       26.9071       209.2311532           -0.69167
  48      198.1        236.0405       27.4847       208.5558048           -0.78073
  47      206.1        235.8154       28.3367       207.4787258           -1.13620
  46      214.5        235.6440       29.7139       205.9301513           -1.55579
  45      222.9        235.7371       31.0363       204.7007703           -1.23511
  44      232.1        236.2152       32.3523       203.8629233           -0.76856
  43      241.7        236.8993       33.7417       203.1575773           -0.62005
  42      251.4        237.8127       35.1794       202.6333477           -0.45609
  41      262.2        239.0380       36.9590       202.0790288           -0.43315
  40      272.9        240.3559       39.0801       201.2758127           -0.63350
  39      283.7        241.7248       41.3461       200.3787241           -0.70099
  38      294.5        243.2620       43.8773       199.3846605           -0.77676
  37      305.9        244.9487       46.5616       198.3870868           -0.73848
  36      318.2        246.7624       49.3922       197.3701363           -0.69774
  35      330.4        248.6687       52.3568       196.3118972           -0.73202
  34      342.6        250.6660       55.4575       195.2085691           -0.76321
  33      355.4        252.7484       58.6812       194.0672020           -0.75251
  32      369.0        254.9003       62.0067       192.8935849           -0.72826
  31      382.6        257.0780       65.3643       191.7136616           -0.73217
  30      396.2        259.1876       68.6457       190.5419715           -0.72706
  29      410.8        261.2124       71.9229       189.2894476           -0.72399
  28      425.8        263.2555       75.4130       187.8425080           -0.81406
  27      440.7        265.3332       79.1806       186.1525598           -0.95716
  26      456.2        267.4219       83.2644       184.1575628           -1.08620
  25      472.5        269.5920       87.8503       181.7417893           -1.25074
  24      488.7        271.9027       93.1091       178.7936609           -1.53578
  23      505.4        274.3455       99.0013       175.3441253           -1.74318
  22      523.0        276.9205      105.4722       171.4482395           -1.86807
  21      540.6        279.4953      112.2668       167.2284926           -2.02336
  20      558.8        282.1496      120.0042       162.1454748           -2.35694
  19      577.8        284.9611      128.6891       156.2720162           -2.60879
  18      596.7        288.2134      138.3609       149.8524999           -2.86641
  17      616.7        291.7529      147.5371       144.2157763           -2.37846
  16      636.9        295.1701      155.0507       140.1194532           -1.71136
  15      657.6        298.1701      161.0898       137.0803047           -1.23902
  14      679.2        300.7889      166.1581       134.6308566           -0.95700
  13      700.8        303.2775      170.7240       132.5535631           -0.81160
  12      723.8        305.7680      175.3762       130.3917882           -0.79320
  11      746.7        308.2307      180.4571       127.7736106           -0.96486
  10      770.5        310.4461      185.5294       124.9166901           -1.01302
   9      795.0        312.1783      190.2562       121.9221176           -1.03150
   8      820.1        313.6736      195.1056       118.5680275           -1.12772
   7      846.0        315.1503      200.2132       114.9370490           -1.18310
   6      872.6        316.6043      205.4278       111.1764164           -1.19310
   5      899.9        317.6263      210.6682       106.9580158           -1.30402
   4      928.0        317.4084      215.6402       101.7681508           -1.55865
   3      957.0        314.3174      219.4058        94.9115161           -1.99532
   2      987.2        307.1242      217.7441        89.3801195           -1.54570
   1     1005.0        304.8474      216.5611        88.2862782           -0.51860
   0     1026.0        305.1176      218.6480        86.4695318           -0.73009

  Modules and versions used in this calculation:

       rrtmg_lw.1col.f90:  $Revision$                    rrtmg_lw_init.f90:  $Revision$        
     rrtmglw_cldprop.f90:  $Revision$                  rrtmglw_cldprmc.f90:  NOT USED          
       rrtmg_lw_rtrn.f90:  NOT USED                    rrtmg_lw_rtrnmr.f90:  $Revision$        
     rrtmg_lw_rtrnmc.f90:  NOT USED                    rrtmglw_setcoef.f90:  $Revision$        
     rrtmg_lw_taumol.f90:  $Revision$                             rrtatm.f:  NOT USED          
              util_xxx.f:  NOT USED                                extra.f:  NOT USED          
        rrtmg_lw_k_g.f90:  $Revision$        
